         86400                                       0.00000000000000000000
      31104000                                      -0.00000829098208350429
      62208000                                       0.00000032142457705283
      93312000                                       0.00001835053914901383
     124416000                                       0.00003673499996312916
     155520000                                       0.00001961280516788597
     186624000                                       0.00002456442807664438
     217728000                                       0.00004840283797230769
     248832000                                       0.00006691848470602694
     279936000                                       0.00007845284072267593
     311040000                                       0.00005895714880630239
     342144000                                       0.00003693093406472943
     373248000                                       0.00000995506377032902
     404352000                                      -0.00000203358357543712
     435456000                                       0.00000605506534339428
     466560000                                       0.00000128490158173682
     497664000                                      -0.00001401153648201197
     528768000                                      -0.00000451995636383600
     559872000                                       0.00002215256615087832
     590976000                                       0.00006078112075775565
     622080000                                       0.00007679854771743167
     653184000                                       0.00008806113769810460
     684288000                                       0.00007661910704412856
     715392000                                       0.00005063978618690613
     746496000                                       0.00003175324300785084
     777600000                                       0.00001140572579206479
     808704000                                      -0.00000866872727051487
     839808000                                      -0.00003352454869220022
     870912000                                      -0.00002658570117859229
     902016000                                       0.00001128379171941696
     933120000                                       0.00004250396049514599
     964224000                                       0.00007372482062416914
     995328000                                       0.00009658821589529401
    1026432000                                       0.00009818418366559210
    1057536000                                       0.00009497631105476145
    1088640000                                       0.00006497574440991122
    1119744000                                       0.00003480085305078599
    1150848000                                      -0.00001455879037291649
    1181952000                                      -0.00005699833623428325
    1213056000                                      -0.00004798471299810558
    1244160000                                      -0.00002198004287168983
    1275264000                                       0.00001176166208023861
    1306368000                                       0.00004675748777812447
    1337472000                                       0.00006941432637668979
    1368576000                                       0.00009623684238917880
    1399680000                                       0.00009947576069159025
    1430784000                                       0.00009129224810080212
    1461888000                                       0.00005779408226343962
    1492992000                                      -0.00001257801582480565
    1524096000                                      -0.00005895697124126253
    1555200000                                      -0.00006734604501948977
    1586304000                                      -0.00004361087719572761
    1617408000                                      -0.00001171501973732980
    1648512000                                       0.00001801498645689675
    1679616000                                       0.00005498034022291498
    1710720000                                       0.00008303007868158271
    1741824000                                       0.00010569757978104203
    1772928000                                       0.00011818820217667167
    1804032000                                       0.00008733443882064342
    1835136000                                       0.00002683664573155710
    1866240000                                      -0.00003640639321419428
    1897344000                                      -0.00005290627465928727
    1928448000                                      -0.00004476771763779018
    1959552000                                      -0.00002825992110648905
    1990656000                                       0.00000354813699293833
    2021760000                                       0.00003247944928130401
    2052864000                                       0.00006413438667369430
    2083968000                                       0.00009792373740011764
    2115072000                                       0.00011267999462907188
    2146176000                                       0.00010499999018016591
    2177280000                                       0.00004686125435863055
    2208384000                                      -0.00000497592135085815
    2239488000                                      -0.00002925257738573650
    2270592000                                      -0.00004777858145051620
    2301696000                                      -0.00003755885698965444
    2332800000                                      -0.00002342522829906209
    2363904000                                       0.00000484735666091106
    2395008000                                       0.00003984586388164239
    2426112000                                       0.00007071275990802518
    2457216000                                       0.00010149749607036387
    2488320000                                       0.00009821794076622120
    2519424000                                       0.00006067245659850149
    2550528000                                       0.00003930154289893898
    2581632000                                       0.00001105110407296437
    2612736000                                      -0.00000619832400026889
    2643840000                                      -0.00002343873862265566
    2674944000                                      -0.00002199136496559829
    2706048000                                      -0.00000091847609922273
    2737152000                                       0.00002258682067895931
    2768256000                                       0.00006072719689850141
    2799360000                                       0.00008649032367521532
    2830464000                                       0.00008359588639409135
    2861568000                                       0.00006684884497158482
    2892672000                                       0.00005837907386230529
    2923776000                                       0.00005546768013697558
    2954880000                                       0.00003423617476075179
    2985984000                                       0.00000345511347306844
    3017088000                                      -0.00000917285865033489
    3048192000                                      -0.00001671712792544886
    3079296000                                       0.00000549189072307277
    3110400000                                       0.00003008327720647323
    3141504000                                       0.00005154092172909793
    3172608000                                       0.00004931892903512299
    3203712000                                       0.00003567382628766309
    3234816000                                       0.00005149327499089188
    3265920000                                       0.00006415656690017738
    3297024000                                       0.00005493025174053758
    3328128000                                       0.00003729896211055823
    3359232000                                       0.00000338911074186302
    3390336000                                      -0.00000996397340817174
    3421440000                                      -0.00000811030459010135
    3452544000                                       0.00000646013656494081
    3483648000                                       0.00002628570117531748
    3514752000                                       0.00001086202842999213
    3545856000                                       0.00001443802565480332
    3576960000                                       0.00003882442006624424
    3608064000                                       0.00006346570566246100
    3639168000                                       0.00007967578205417240
    3670272000                                       0.00006917304581264420
    3701376000                                       0.00004727932314152238
    3732480000                                       0.00002214839957702666
    3763584000                                       0.00000163660368033696
    3794688000                                       0.00000833115374140317
    3825792000                                      -0.00000003601235603335
    3856896000                                      -0.00001472398453715811
    3888000000                                      -0.00001225841740626918
    3919104000                                       0.00001469997207195779
    3950208000                                       0.00005101357828530878
    3981312000                                       0.00007060114927345400
    4012416000                                       0.00008205632173922686
    4043520000                                       0.00007543882202838158
    4074624000                                       0.00004895772371565637
    4105728000                                       0.00002773261664855075
    4136832000                                       0.00000350112740908391
    4167936000                                      -0.00001979159369045587
    4199040000                                      -0.00004731504426970156
    4230144000                                      -0.00004756126149147634
    4261248000                                      -0.00000928481079357914
    4292352000                                       0.00002056459340897987
    4323456000                                       0.00005557101727478737
    4354560000                                       0.00008016911007381227
    4385664000                                       0.00009019963477371329
    4416768000                                       0.00009106927297828311
    4447872000                                       0.00007023787785808063
    4478976000                                       0.00003980227322531014
    4510080000                                      -0.00000453043347775342
    4541184000                                      -0.00005499185644451615
    4572288000                                      -0.00004863557263132392
    4603392000                                      -0.00002575727878873550
    4634496000                                       0.00001022755104742153
    4665600000                                       0.00004590968271536199
    4696704000                                       0.00007219092572286067
    4727808000                                       0.00010218705271969265
    4758912000                                       0.00011203941487914400
    4790016000                                       0.00011049122239929529
    4821120000                                       0.00008353836567163798
    4852224000                                       0.00001580708295755488
    4883328000                                      -0.00004125085651680457
    4914432000                                      -0.00005767823948948448
    4945536000                                      -0.00004340618618535665
    4976640000                                      -0.00001219926357461743
    5007744000                                       0.00001240078647761197
    5038848000                                       0.00005112347099681170
    5069952000                                       0.00007707441692468113
    5101056000                                       0.00010458672794553078
    5132160000                                       0.00012014881376659271
    5163264000                                       0.00010065550846299051
    5194368000                                       0.00004250131767510264
    5225472000                                      -0.00002306129222545775
    5256576000                                      -0.00005039380795992929
    5287680000                                      -0.00004603588435446858
    5318784000                                      -0.00003506431963286666
    5349888000                                      -0.00000381395319254040
    5380992000                                       0.00002516163773583259
    5412096000                                       0.00005792053575312081
    5443200000                                       0.00009542716632902048
    5474304000                                       0.00011485297535834191
    5505408000                                       0.00011759978565706515
    5536512000                                       0.00006591956558134275
    5567616000                                       0.00001572352520790038
    5598720000                                      -0.00001282913574114957
    5629824000                                      -0.00003378741677001525
    5660928000                                      -0.00003233304653071024
    5692032000                                      -0.00001930861459570216
    5723136000                                       0.00000214603282481367
    5754240000                                       0.00003849087951700811
    5785344000                                       0.00006523320395138641
    5816448000                                       0.00009913046855105228
    5847552000                                       0.00009750586652396773
    5878656000                                       0.00006338852191735847
    5909760000                                       0.00003909142166869051
    5940864000                                       0.00001248417336048934
    5971968000                                      -0.00000952116512098054
    6003072000                                      -0.00003081921210689427
    6034176000                                      -0.00003671837659939762
    6065280000                                      -0.00001976458518619859
    6096384000                                       0.00000136495171501656
    6127488000                                       0.00003717787869466328
    6158592000                                       0.00006629154480317510
    6189696000                                       0.00006555338079604984
    6220800000                                       0.00005264775800897828
    6251904000                                       0.00004394842960013745
    6283008000                                       0.00004918558800411896
    6314112000                                       0.00003155911380801170
    6345216000                                       0.00000522083008726434
    6376320000                                      -0.00001174469846422194
    6407424000                                      -0.00001929352225400730
    6438528000                                      -0.00000315063819011850
    6469632000                                       0.00002416131719198998
    6500736000                                       0.00004470517791523260
    6531840000                                       0.00004947095459826587
    6562944000                                       0.00003348651771033377
    6594048000                                       0.00005151620381116168
    6625152000                                       0.00006834881806803242
    6656256000                                       0.00006636846505840641
    6687360000                                       0.00005358294438663557
    6718464000                                       0.00002001814434585258
    6749568000                                       0.00000120487689105964
    6780672000                                      -0.00000491155626514092
    6811776000                                       0.00000447410618565866
    6842880000                                       0.00002122360953614784
    6873984000                                       0.00000843493106246895
    6905088000                                       0.00000520039770810212
    6936192000                                       0.00003158472706994124
    6967296000                                       0.00005549179996542822
    6998400000                                       0.00008012991463374629
    7029504000                                       0.00007367472860923281
    7060608000                                       0.00005886968922043388
    7091712000                                       0.00003086577186471683
    7122816000                                       0.00000777446148930571
    7153920000                                       0.00000682927921728293
    7185024000                                       0.00000036960488953951
    7216128000                                      -0.00001704854014084933
    7247232000                                      -0.00001513814170671009
    7278336000                                       0.00001046284434589794
    7309440000                                       0.00005109589910619353
    7340544000                                       0.00007578143374295777
    7371648000                                       0.00009338339269610603
    7402752000                                       0.00009497440638714354
    7433856000                                       0.00007166483412982379
    7464960000                                       0.00005178134869081057
    7496064000                                       0.00002270139904587147
    7527168000                                      -0.00000149587782057222
    7558272000                                      -0.00003555671072904161
    7589376000                                      -0.00004027206616379120
    7620480000                                      -0.00000816663329874981
    7651584000                                       0.00002393245964495301
    7682688000                                       0.00005499164859358349
    7713792000                                       0.00008360876839902448
    7744896000                                       0.00009193779291333066
    7776000000                                       0.00009771722748027144
    7807104000                                       0.00007569996062725002
    7838208000                                       0.00004574224634986435
    7869312000                                      -0.00000267392426904471
    7900416000                                      -0.00005947072801690002
    7931520000                                      -0.00006288812828886104
    7962624000                                      -0.00004257728416591083
    7993728000                                      -0.00000901833573293832
    8024832000                                       0.00002677664168895027
    8055936000                                       0.00005398630048579550
    8087040000                                       0.00008472455254132212
    8118144000                                       0.00010071489958603333
    8149248000                                       0.00010273963091464962
    8180352000                                       0.00008583913707137101
    8211456000                                       0.00002055353880643052
    8242560000                                      -0.00003801257358916284
    8273664000                                      -0.00006291004561159752
    8304768000                                      -0.00004967114209975210
    8335872000                                      -0.00002244703726524343
    8366976000                                       0.00000474035430770375
    8398080000                                       0.00004080607933756889
    8429184000                                       0.00007126638421866487
    8460288000                                       0.00009794868646268172
    8491392000                                       0.00012093003068693319
    8522496000                                       0.00010746807929735145
    8553600000                                       0.00005818659314568735
    8584704000                                      -0.00001038352932511126
    8615808000                                      -0.00004447731605604694
    8646912000                                      -0.00004759702288428376
    8678016000                                      -0.00004372037216222376
    8709120000                                      -0.00001656442305642751
    8740224000                                       0.00000939865880166341
    8771328000                                       0.00004217677010455902
    8802432000                                       0.00007869221100508605
    8833536000                                       0.00010349118170434606
    8864640000                                       0.00011114224760106620
    8895744000                                       0.00007135625282391631
    8926848000                                       0.00001997065136910988
    8957952000                                      -0.00000593070949219690
    8989056000                                      -0.00003388689727028113
    9020160000                                      -0.00003504637775605420
    9051264000                                      -0.00002799726210259824
    9082368000                                      -0.00000569767428744136
    9113472000                                       0.00002912837910650504
    9144576000                                       0.00006042538076826966
    9175680000                                       0.00009653150236817372
    9206784000                                       0.00010558206994693356
    9237888000                                       0.00007725855451847573
    9268992000                                       0.00005821978800496425
    9300096000                                       0.00003603078509628127
    9331200000                                       0.00001443648668978837
    9362304000                                      -0.00000886709164705172
    9393408000                                      -0.00002201276469156627
    9424512000                                      -0.00000791711498546829
    9455616000                                       0.00000793909597146218
    9486720000                                       0.00004365856456974815
    9517824000                                       0.00007108040015134190
    9548928000                                       0.00007591214188652624
    9580032000                                       0.00006033097801141373
    9611136000                                       0.00005337130315484815
    9642240000                                       0.00005703220375364829
    9673344000                                       0.00004486727859171528
    9704448000                                       0.00001346904270048766
    9735552000                                      -0.00000604101879953890
    9766656000                                      -0.00002263423720961132
    9797760000                                      -0.00001026516647831099
    9828864000                                       0.00001263441469635416
    9859968000                                       0.00003428893818514001
    9891072000                                       0.00004097162353963840
    9922176000                                       0.00002433565712691594
    9953280000                                       0.00004054773353420959
    9984384000                                       0.00006090002100854666
   10015488000                                       0.00006504633132448691
   10046592000                                       0.00005657421269812711
   10077696000                                       0.00002724837697003775
   10108800000                                       0.00000386055467395315
   10139904000                                      -0.00000299414734232208
   10171008000                                       0.00000033274334726067
   10202112000                                       0.00002008562037275126
   10233216000                                       0.00000638064379422925
   10264320000                                       0.00000251973442931342
   10295424000                                       0.00002458152832382653
   10326528000                                       0.00005229051391063891
   10357632000                                       0.00007744337382750769
   10388736000                                       0.00007888071654105397
   10419840000                                       0.00006551977670712884
   10450944000                                       0.00004106044333153251
   10482048000                                       0.00001127063337864934
   10513152000                                       0.00000466922814478319
   10544256000                                      -0.00000731216629035211
   10575360000                                      -0.00002849530517750231
   10606464000                                      -0.00003255679559662445
   10637568000                                      -0.00001110457157463696
   10668672000                                       0.00003042409540761604
   10699776000                                       0.00005617304426783615
   10730880000                                       0.00007930307246322029
   10761984000                                       0.00008579669657455370
   10793088000                                       0.00007079835386476682
   10824192000                                       0.00005015316074501397
   10855296000                                       0.00002194907923038835
   10886400000                                      -0.00000811361030180063
   10917504000                                      -0.00004187872409599262
   10948608000                                      -0.00005504049493228731
   10979712000                                      -0.00002079326156795146
   11010816000                                       0.00001126171794290850
   11041920000                                       0.00004820776979940839
   11073024000                                       0.00008031772067193995
   11104128000                                       0.00009749050417813440
   11135232000                                       0.00010942016914189292
   11166336000                                       0.00009593401271123848
   11197440000                                       0.00006777567488396233
   11228544000                                       0.00002088571845033916
   11259648000                                      -0.00004171991542752578
   11290752000                                      -0.00005410114751852301
   11321856000                                      -0.00003637549048125150
   11352960000                                      -0.00000665511968587782
   11384064000                                       0.00003089456200027518
   11415168000                                       0.00005599443492579411
   11446272000                                       0.00009016993065136988
   11477376000                                       0.00010626885990521619
   11508480000                                       0.00011406037731723432
   11539584000                                       0.00009901941322464577
   11570688000                                       0.00003933041378235054
   11601792000                                      -0.00002881763529298454
   11632896000                                      -0.00005958869053021083
   11664000000                                      -0.00005557704925201056
   11695104000                                      -0.00002821790985348524
   11726208000                                      -0.00000468971335885094
   11757312000                                       0.00003299215154077590
   11788416000                                       0.00006305606216103215
   11819520000                                       0.00009213867333868400
   11850624000                                       0.00011872109233897456
   11881728000                                       0.00011326996071127631
   11912832000                                       0.00007254980047963794
   11943936000                                       0.00000424776578958594
   11975040000                                      -0.00003322833425310617
   12006144000                                      -0.00004146924241515725
   12037248000                                      -0.00003882021839810551
   12068352000                                      -0.00001646593790664417
   12099456000                                       0.00001134853640864936
   12130560000                                       0.00004008886072611750
   12161664000                                       0.00007975403317723824
   12192768000                                       0.00010290077699430704
   12223872000                                       0.00011806687818100737
   12254976000                                       0.00008204987963429495
   12286080000                                       0.00003388331143072215
   12317184000                                       0.00000470079109663231
   12348288000                                      -0.00002472703428429588
   12379392000                                      -0.00003609868207738935
   12410496000                                      -0.00003449477286422348
   12441600000                                      -0.00002100272460709428
   12472704000                                       0.00001095812584536806
   12503808000                                       0.00003924070504389427
   12534912000                                       0.00007508782097342044
   12566016000                                       0.00008906753495879223
   12597120000                                       0.00006390013110663084
   12628224000                                       0.00004843141878208118
   12659328000                                       0.00002953267846927519
   12690432000                                       0.00001220163209547120
   12721536000                                      -0.00001533751021819716
   12752640000                                      -0.00003206814382290921
   12783744000                                      -0.00002550724958428275
   12814848000                                      -0.00000908402539622580
   12845952000                                       0.00002308383568220378
   12877056000                                       0.00005704692201130037
   12908160000                                       0.00006497131494918269
   12939264000                                       0.00005721843459753549
   12970368000                                       0.00005088529466285490
   13001472000                                       0.00006361115590465037
   13032576000                                       0.00005726072950231452
   13063680000                                       0.00003050707234907579
   13094784000                                       0.00000733356893483358
   13125888000                                      -0.00001329508025910210
   13156992000                                      -0.00000740496163879615
   13188096000                                       0.00001285821206933819
   13219200000                                       0.00003393344371415917
   13250304000                                       0.00004245623683621856
   13281408000                                       0.00002634921388033031
   13312512000                                       0.00003863016265112003
   13343616000                                       0.00006380821864638795
   13374720000                                       0.00006932655320718692
   13405824000                                       0.00006740781926347145
   13436928000                                       0.00003627408769957470
   13468032000                                       0.00001147311614928014
   13499136000                                      -0.00000380095580928200
   13530240000                                      -0.00000270811438461739
   13561344000                                       0.00001314938254520595
   13592448000                                       0.00000481456882564345
   13623552000                                      -0.00000438722428309802
   13654656000                                       0.00001944637939635281
   13685760000                                       0.00004663444264207436
   13716864000                                       0.00007780877457304663
   13747968000                                       0.00008425132645957250
   13779072000                                       0.00007773946441710592
   13810176000                                       0.00005720143539106084
   13841280000                                       0.00002661786961900650
   13872384000                                       0.00001746321783146987
   13903488000                                       0.00000425453627711665
   13934592000                                      -0.00001575443717283506
   13965696000                                      -0.00002522271549019920
   13996800000                                      -0.00000458751182558389
   14027904000                                       0.00003424315288769121
   14059008000                                       0.00006401156888388786
   14090112000                                       0.00008576976863807407
   14121216000                                       0.00009934309988899520
   14152320000                                       0.00008507162625179225
   14183424000                                       0.00006890684274769000
   14214528000                                       0.00003563719715326396
   14245632000                                       0.00000345452979179230
   14276736000                                      -0.00003918692192447485
   14307840000                                      -0.00006069588717834869
   14338944000                                      -0.00003536543560296928
   14370048000                                      -0.00000398703919135435
   14401152000                                       0.00002973618114667701
   14432256000                                       0.00006364422021704038
   14463360000                                       0.00008253328692207714
   14494464000                                       0.00009890263632352254
   14525568000                                       0.00009240163352309721
   14556672000                                       0.00006700506315051420
   14587776000                                       0.00002312384124440033
   14618880000                                      -0.00004718592492139735
   14649984000                                      -0.00006708085217536894
   14681088000                                      -0.00005591077994668797
   14712192000                                      -0.00002497830897367576
   14743296000                                       0.00001136853083732070
   14774400000                                       0.00004186519627686271
   14805504000                                       0.00007661200243394107
   14836608000                                       0.00010190641126208944
   14867712000                                       0.00011369485982484747
   14898816000                                       0.00011073014800269032
   14929920000                                       0.00005539870144842126
   14961024000                                      -0.00001371098287602180
   14992128000                                      -0.00005496233726115289
   15023232000                                      -0.00005656859530022040
   15054336000                                      -0.00003427544386599200
   15085440000                                      -0.00001234480271542555
   15116544000                                       0.00002329376577567213
   15147648000                                       0.00005357016806756240
   15178752000                                       0.00008371540264239513
   15209856000                                       0.00011252768917530417
   15240960000                                       0.00011455741452079960
   15272064000                                       0.00007907898501916873
   15303168000                                       0.00001319476850572952
   15334272000                                      -0.00003301002470281239
   15365376000                                      -0.00004422831922840152
   15396480000                                      -0.00004938379338011337
   15427584000                                      -0.00002731428251084395
   15458688000                                      -0.00000277373292623387
   15489792000                                       0.00002891698334651721
   15520896000                                       0.00006759902868081939
   15552000000                                       0.00009685047496928677
   15583104000                                       0.00011564365629458350
   15614208000                                       0.00009155996536488284
   15645312000                                       0.00004504727449142267
   15676416000                                       0.00002062872226940899
   15707520000                                      -0.00000937976490060800
   15738624000                                      -0.00002298551910275844
   15769728000                                      -0.00002399383347073036
   15800832000                                      -0.00001294256698182016
   15831936000                                       0.00001914428917816006
   15863040000                                       0.00004621050428789189
   15894144000                                       0.00008399137079865063
   15925248000                                       0.00010040400377529833
   15956352000                                       0.00008086247491079266
   15987456000                                       0.00006321426098966355
   16018560000                                       0.00004998203348306597
   16049664000                                       0.00003182028550240399
   16080768000                                       0.00000614821113893344
   16111872000                                      -0.00002037228784134928
   16142976000                                      -0.00001850495600663905
   16174080000                                      -0.00001180196486720416
   16205184000                                       0.00001735352404659218
   16236288000                                       0.00004713171435763894
   16267392000                                       0.00005853738433511020
   16298496000                                       0.00004958216111785002
   16329600000                                       0.00004353790520019762
   16360704000                                       0.00005763182988391428
   16391808000                                       0.00005858041622233974
   16422912000                                       0.00003563223713100452
   16454016000                                       0.00001115446670491021
   16485120000                                      -0.00001427818471761478
   16516224000                                      -0.00001689532485576923
   16547328000                                       0.00000128164276473457
   16578432000                                       0.00001938599490456059
   16609536000                                       0.00003392578434004390
   16640640000                                       0.00001665920021216938
   16671744000                                       0.00003086207414085741
   16702848000                                       0.00005772063268329436
   16733952000                                       0.00007277229221433005
   16765056000                                       0.00007528737557783812
   16796160000                                       0.00005172592953998743
   16827264000                                       0.00002152585339022364
   16858368000                                       0.00000322350488514274
   16889472000                                      -0.00000539792386851475
   16920576000                                       0.00000886344184963399
   16951680000                                      -0.00000122904044001287
